9812
27790
52722
64343
58422
8696
18152
12281
43008
53892
7616
50150
1440
31842
45472
20393
22286
52577
59728
50620
18031
22583
57869
10389
20952
33856
18240
12208
35683
45547
4906
64442
64058
56012
64249
16760
17742
15352
3258
624
17339
65355
31633
57453
53982
1427
24831
55150
56293
54274
28771
5909
52068
43880
34693
23353
17101
11080
27395
29006
28228
52961
19267
8162
61180
35348
19774
56585
35806
53456
56677
16946
1344
10471
6463
62945
15884
54410
57720
30887
525
14160
57627
26631
44946
57543
62178
2794
61309
64109
10841
25936
784
35805
30404
22161
26649
15150
24885
64865
9058
287
2239
32862
46055
40251
59046
34873
59509
21883
29752
62301
49794
58300
56193
14496
34037
4512
63251
22898
41514
56677
2612
23094
41583
36941
32258
52046
22792
44433
14307
46387
60093
20355
42458
4061
45864
27711
46337
4096
65237
39876
37016
58781
44249
41793
15514
52554
1115
3242
2041
31343
40563
759
4325
13111
1161
8791
64215
26840
13241
50520
51944
65233
20559
62381
7602
52160
34394
39474
33326
34007
65207
17736
23054
15392
26682
41943
51430
51088
25599
37272
50066
54844
1938
65449
30701
38723
4323
33451
64780
46666
39948
37428
28044
2415
33555
7799
21201
46753
47465
21198
12542
20732
12495
28343
21266
39913
14682
7908
58356
18399
802
48554
22562
17871
27540
12660
2751
51457
41781
39249
19396
60729
24648
46941
31431
20323
14518
44784
58877
62219
44688
40313
11899
11717
22609
14567
52489
17643
3445
41389
54504
6215
60068
10563
18268
59293
29587
58486
45711
42968
50501
29569
41954
51419
13979
46212
53321
62825
34995
55408
6116
38102
53527
4725
33846
26919
5964
24357
38194
60839
35397
30413
6146
24638
41632
13943
1679
3449
14578
47269
44826
23020
56770
4721
29561
36391
49039
36805
38536
62178
23659
14764
51135
52106
44296
4374
55179
5174
34821
24197
24203
6095
41731
45214
15661
24931
56580
4255
64460
50042
49042
51324
64625
7969
21535
2856
37424
52467
19847
24729
54726
33562
62529
58566
3843
58820
27630
63216
54768
39592
35666
44597
26815
24043
12891
21684
54152
48445
29998
56555
22550
28636
5394
4278
26049
52512
10602
30542
30383
23070
61750
15306
22559
24454
435
55391
64007
44438
13960
55308
36414
17237
19441
35023
58385
14837
6503
10314
57837
50178
17539
39922
20099
3039
38149
39159
50465
29777
1576
46853
26890
683
19228
97
22670
17160
54898
27051
56752
40424
64397
14360
14074
6588
30436
50860
37439
50435
25515
40373
27774
19538
19466
15431
10352
30124
53807
56706
61527
44521
15663
33712
12842
30694
41471
34204
32510
13876
10370
8063
51738
28893
7002
17561
57759
49283
43211
18739
9332
61409
61454
25304
34604
37888
45829
24074
46756
23350
42172
63981
53925
4832
17279
54224
51252
62599
48742
43485
43341
9354
60237
32361
39490
34609
30905
4128
39657
44279
36925
30511
54830
46266
7890
4243
30022
43471
6799
18295
40827
15901
56699
5327
13203
23547
7452
4047
30713
6866
2830
49823
345
15040
48577
17851
8367
43167
28302
20089
30751
19349
17699
18974
50472
49586
1170
31541
22015
57398
50735
35453
2579
4238
7704
35955
43705
43723
16106
6098
2906
35768
31341
60772
57355
36354
28009
40355
61728
40255
10908
4571
4442
36227
21777
27780
34374
7313
41529
9200
56823
51493
6523
56141
9844
60199
22105
25741
16520
31663
25989
39569
27831
46844
45345
49579
64865
35887
3719
46649
18224
8173
60729
2337
59605
24345
1185
59710
30589
16224
41468
19277
40393
15038
60072
38890
4795
23511
26195
29929
15379
49367
57628
15650
18260
25684
62837
58335
28020
46370
10542
22419
35334
43429
44551
48885
16177
34655
17870
60370
20157
11784
6486
9368
21906
56611
10797
32962
40256
52675
26023
55581
40412
42565
54857
5072
9417
30091
25556
63819
60040
7408
31581
58071
60667
38379
42420
23046
54467
28818
58185
4546
26077
1277
53248
43606
54653
49454
24407
8760
25543
35364
4026
8507
51100
32463
62447
60393
34662
24993
59459
32012
60432
14123
53272
17484
44357
8232
15534
24120
6105
22947
24794
52446
17283
32982
35822
37814
60234
32824
31206
28474
53157
53804
54514
50055
53518
23074
7695
59028
33185
59632
31968
62978
2750
27427
27520
22124
27809
47631
57056
61144
16397
28858
4277
22167
57615
65270
57923
60165
56541
25818
30885
3285
28393
37353
4335
20258
2488
50116
36263
58527
19071
33355
11606
3520
12679
61738
35825
13817
10494
15103
13419
4554
54917
22202
56790
46160
11651
30509
3409
50461
61378
7342
25863
52929
10891
11297
58818
57283
10165
11028
58759
17237
20219
292
24412
2179
7090
30933
32794
1801
20774
26722
16225
29633
11075
35777
19290
19630
19826
61012
18323
39385
32187
29461
9150
58616
55698
57149
15402
21091
41857
29774
48176
27212
16503
62634
57387
7711
40927
6205
53782
43805
30312
22292
56957
11628
14190
17576
10459
36334
6116
57848
11168
48515
5706
38129
39508
14920
45375
17186
26832
47860
49343
12940
6826
43580
40990
16366
14075
13303
18452
1090
1929
59443
6978
9663
13537
2474
27802
10636
31686
9524
20548
11511
39213
31567
11576
23921
43467
33762
4665
24601
63098
39695
50183
2761
28769
60619
18261
27393
48252
30695
46785
37326
30389
32980
7947
36931
30409
52412
61716
32070
7610
18142
7496
58656
40708
20675
54818
11209
32305
33261
12978
57008
5452
22953
54703
49123
31739
46435
27934
11548
63311
23612
22737
21
45211
48426
18079
56339
39759
64631
51501
11767
36832
34776
15580
45531
59900
51757
3331
49661
45883
61722
9623
53402
12032
31683
4499
26522
43321
62211
43144
44988
48513
29861
58544
35799
13
58642
25092
40346
29465
43381
28033
20099
33601
51178
29964
7109
14583
32793
3003
44188
52706
44338
48822
37522
8220
7709
17378
18583
25544
8979
28695
2759
39685
46115
9815
19364
32208
11048
36635
54940
42015
47433
20034
30998
38440
44299
49645
21846
21976
46524
11420
45959
35579
33967
54250
18237
38452
12265
53988
57707
57121
17712
38445
31152
64815
35838
38995
21790
14767
35042
6467
60825
2652
12719
50051
39589
50805
12215
49289
64642
4991
6250
55794
54191
33487
15685
23362
27405
4890
61049
21962
39055
54115
8197
17012
51604
41770
27571
18898
43831
63641
2971
30215
65068
